start=584.100000
pause=yes
volume=54.000000
