start=57.333333
volume=52.000000
