start=16.631980
volume=22.000000
