start=365.566667
pause=yes
volume=88.000000
