start=77.878073
pause=yes
volume=44.000000
