start=34.438396
pause=yes
volume=116.000000
