start=1.501502
volume=48.000000
ontop=yes
