start=348.250000
volume=130.000000
