start=80.413667
volume=38.000000
mute=yes
