start=29.847958
volume=116.000000
