start=0.866667
volume=44.000000
