start=23898.100000
speed=100.000000
pause=yes
volume=66.000000
