start=501.760000
pause=yes
volume=130.000000
