start=74.095919
volume=88.000000
