start=8.800000
volume=110.000000
