start=1253.066667
pause=yes
volume=102.000000
