start=42.175467
volume=24.000000
