start=1063.133333
pause=yes
volume=64.000000
