start=673.766667
pause=yes
volume=78.000000
