start=257.875000
pause=yes
volume=52.000000
