start=2156.966667
pause=yes
volume=68.000000
aid=1
