start=35.702333
pause=yes
volume=70.000000
