start=59.944032
pause=yes
volume=24.000000
