start=7.533069
volume=46.000000
