start=8.500000
volume=116.000000
