start=19.333333
pause=yes
volume=58.000000
