start=37.927550
volume=52.000000
