start=416.400000
pause=yes
volume=64.000000
