start=107.200000
pause=yes
volume=76.000000
