start=29.480000
volume=74.000000
