start=82.348933
volume=40.000000
