start=83.800000
pause=yes
volume=104.000000
