start=1310.308578
speed=16.000000
