start=415.466667
pause=yes
volume=66.000000
