start=270.633333
volume=68.000000
