start=28.700000
pause=yes
volume=90.000000
vid=1
