start=3752.708333
pause=yes
volume=76.000000
