start=899.773878
speed=100.000000
