start=15.633333
pause=yes
volume=102.000000
sid=8
