start=106.081517
volume=24.000000
