start=43.160949
pause=yes
volume=92.000000
