start=623.766667
pause=yes
volume=62.000000
