start=4.933000
pause=yes
volume=56.000000
