start=9450.800000
speed=1.464100
pause=yes
volume=70.000000
fullscreen=yes
