start=58.725333
volume=130.000000
