start=11.084836
volume=42.000000
vid=no
