start=53.400000
volume=98.000000
