start=834.500000
pause=yes
volume=108.000000
