start=500.583417
pause=yes
volume=60.000000
