start=253.500000
volume=84.000000
