start=562.937375
volume=36.000000
