start=189.656133
pause=yes
volume=50.000000
