start=13.253628
pause=yes
volume=106.000000
