start=19.811458
pause=yes
volume=86.000000
