start=145.066667
volume=86.000000
