start=106.573133
volume=36.000000
