start=457.540417
volume=70.000000
