start=62.028633
volume=68.000000
