start=7.055358
volume=60.000000
