start=850.483817
volume=74.000000
