start=560.916667
pause=yes
volume=112.000000
