start=17.833000
volume=78.000000
