start=746.233333
pause=yes
volume=52.000000
