start=290.366667
pause=yes
volume=82.000000
