start=1113.566667
pause=yes
volume=86.000000
