start=320.320000
speed=17.449402
pause=yes
