start=6.733333
volume=120.000000
