start=38.240200
volume=66.000000
