start=948.000000
volume=88.000000
brightness=-3
