start=86.689184
volume=50.000000
