start=19.543179
volume=30.000000
