start=6.375000
volume=70.000000
