start=38.644046
volume=22.000000
