start=454.166667
pause=yes
volume=102.000000
