start=14.305958
volume=62.000000
