start=150.200000
pause=yes
volume=64.000000
