start=895.644744
volume=74.000000
