start=2537.868667
pause=yes
volume=130.000000
