start=372.541000
pause=yes
volume=116.000000
