start=638.166667
pause=yes
volume=52.000000
