start=77.343933
volume=46.000000
