start=403.319583
pause=yes
volume=58.000000
