start=714.666667
pause=yes
volume=116.000000
