start=32.500000
volume=96.000000
