start=71.666667
volume=88.000000
