start=2.853171
volume=66.000000
