start=10069.333333
pause=yes
volume=106.000000
