start=13.766667
volume=58.000000
