start=128.958333
pause=yes
volume=78.000000
