start=165.625000
pause=yes
volume=56.000000
