start=638.000000
pause=yes
volume=90.000000
