start=370.366667
volume=92.000000
