start=320.417000
volume=60.000000
