start=159.722149
pause=yes
volume=30.000000
