start=9.179047
volume=112.000000
