start=107.286399
volume=120.000000
