start=175.275100
volume=86.000000
