start=242.280000
pause=yes
volume=88.000000
