start=64.164100
volume=54.000000
