start=488.133333
volume=46.000000
