start=50.925875
pause=yes
volume=70.000000
