start=522.897375
pause=yes
volume=108.000000
