start=121.175420
pause=yes
volume=26.000000
