start=280.200000
pause=yes
volume=80.000000
