start=57.077781
volume=38.000000
