start=8.734000
volume=80.000000
