start=354.166667
pause=yes
volume=78.000000
