start=85.293542
volume=74.000000
