start=497.900000
volume=60.000000
