start=86.333781
volume=20.000000
