start=68.276542
volume=84.000000
