start=467.800000
pause=yes
volume=80.000000
