start=55.566667
pause=yes
volume=96.000000
