start=109.566667
panscan=0.400000
ab-loop-a=17.666667
