start=1802.700000
speed=32.000000
pause=yes
volume=122.000000
sid=no
