start=1472.367000
pause=yes
volume=80.000000
