start=1381.333000
pause=yes
volume=70.000000
